[array([[[  947,  1153,   928, ...,   543,   924,   604],
        [ 1197,  1203,  1102, ...,  1056,  1031,   788],
        [  741,   758,  1108, ...,  1145,  1434,  1206],
        ...,
        [ 1213,  1578,  1200, ...,  1049,   955,  1305],
        [ 1339,  2230,  1193, ...,   826,  1342,  1386],
        [  764,  1577,   913, ...,  1368,  1090,   613]],

       [[  758,   578,   959, ...,   888,   716,  1732],
        [ 1717,  1217,   997, ...,  1063,   662,   815],
        [ 1522,   822,  1416, ...,  1125,  1189,   981],
        ...,
        [ 1110,  1396,  1578, ...,  1214,  1319,  1050],
        [ 1614,   827,  1109, ...,  1185,  1278,  1240],
        [ 1368,   854,   729, ...,  1246,  1038,   623]],

       [[  985,  1026,  1018, ...,   722,   772,   655],
        [ 1446,   960,  1140, ...,  1423,  1373,   790],
        [ 1279,   763,   935, ...,  1784,   296,   728],
        ...,
        [  658,   919,  1109, ...,   923,  1270,  1485],
        [  898,   743,  1586, ...,  1022,   935,   645],
        [ 1280,  1839,   767, ...,  1336,  1570,   846]],

       ...,

       [[ 1170,  1164,   806, ...,  1643,   738,  1312],
        [ 1239,  1090,  1611, ...,  1010,  1602,   983],
        [  755,  1533,   995, ...,  1217,   684,  1877],
        ...,
        [ 1075,   540,   949, ...,  5571,  4861,  4200],
        [  901,   680,   789, ...,  3979,  4557,  4804],
        [ 1808,   861,  1169, ...,  4864,  5718,  6040]],

       [[  799,  1129,   922, ...,  1332,   875,  1422],
        [ 1380,  1165,  1296, ...,  1814,  1409,  1132],
        [ 1666,  1158,  1031, ...,  1089,  1012,  1492],
        ...,
        [  815,  1005,   894, ...,  7122,  7034,  5778],
        [  828,   779,  1087, ...,  7455,  5193,  5610],
        [ 1058,   468,   898, ...,  7644,  6249,  4503]],

       [[ 1392,  2045,  1333, ...,  1484,  1293,  1996],
        [  901,  1228,   969, ...,  1636,  1248,  1178],
        [ 1647,  1557,  1010, ...,  1163,   752,   956],
        ...,
        [  575,  1338,   817, ...,  8365,  8749,  7831],
        [ 1026,   822,   781, ..., 11175,  8630,  6277],
        [ 1001,   962,   687, ...,  8143,  5903,  5897]]], dtype=uint16), array([[[1237, 1045,  976, ..., 1168, 1223, 1326],
        [1155,  726, 1032, ..., 1754,  990, 1374],
        [1327, 1253, 1411, ..., 1235, 1822, 1268],
        ...,
        [1361, 1063,  987, ..., 1424,  468, 1236],
        [ 948, 1257,  861, ..., 1220, 1380,  922],
        [1542,  934, 1157, ..., 1573, 1397, 1230]],

       [[1265, 1243, 1128, ..., 1324, 1587, 1297],
        [1147, 1149, 1285, ..., 1724, 1261, 1342],
        [ 844,  919,  983, ..., 1273, 1454, 2221],
        ...,
        [1542, 1262, 1162, ...,  720,  794, 1175],
        [1378, 1274,  965, ...,  688, 1349, 1228],
        [1110, 1253, 1155, ..., 1240, 1043, 1314]],

       [[1258, 1056,  894, ..., 1566, 1523, 1633],
        [ 887, 1301, 1026, ..., 2700, 1716, 1248],
        [1227, 1171, 1043, ..., 1020, 1568, 1433],
        ...,
        [ 924,  652,  929, ..., 1067,  839,  418],
        [1342, 1226, 1166, ...,  637, 1124,  900],
        [ 667, 1083,  540, ...,  869, 1032, 1213]],

       ...,

       [[1506, 1459, 1522, ..., 3539, 4467, 3299],
        [1124,  943, 1187, ..., 3524, 3306, 2904],
        [1048,  912, 1248, ..., 3509, 3950, 3293],
        ...,
        [1047, 1011, 1034, ...,  936,  437, 1066],
        [ 888,  996, 1119, ...,  984,  989,  866],
        [1274,  948,  732, ...,  691, 1070, 1215]],

       [[ 949,  701, 1428, ..., 2978, 3389, 3599],
        [1707, 1365, 1840, ..., 3864, 3717, 3684],
        [ 687, 1340, 1654, ..., 3531, 4300, 4233],
        ...,
        [2578, 1134,  882, ...,  543,  864,  813],
        [ 787,  715,  833, ...,  730, 1341, 1115],
        [1534, 1018, 1162, ...,  604,  872, 1399]],

       [[ 877, 1973, 1513, ..., 3529, 3109, 3993],
        [1618, 1499, 1044, ..., 2985, 3618, 3831],
        [1038, 1559, 1116, ..., 4670, 4200, 4409],
        ...,
        [1049, 1518, 1491, ...,  921,  879,  889],
        [ 857,  728,  704, ..., 1036,  935, 1112],
        [ 979, 1092, 1282, ...,  858,  647, 1294]]], dtype=uint16), array([[[ 759,  626,  888, ...,  961,  920,  525],
        [1707, 1599, 1198, ...,  783,  827,  594],
        [ 640,  440,  627, ...,  750, 1068,  757],
        ...,
        [1018,  492, 1371, ...,  773,  768, 1499],
        [ 797, 1307, 1014, ...,  515,  644, 1076],
        [ 907,  724,  751, ...,  947,  922,  747]],

       [[ 499, 1086,  682, ...,  816, 1008,  960],
        [ 482,  709,  456, ...,  852, 1277,  891],
        [ 710, 1133,  606, ...,  652,  916,  732],
        ...,
        [ 890, 1072,  803, ...,  862,  660,  870],
        [ 736, 1165,  808, ...,  903,  975,  921],
        [ 838,  725,  932, ...,  598,  748,  783]],

       [[ 862,  737, 1222, ..., 1153,  554,  860],
        [1634, 1145,  944, ..., 1226,  823, 1392],
        [ 895,  951,  963, ..., 1210,  938, 1492],
        ...,
        [ 730,  401,  779, ...,  360,  839,  774],
        [ 809,  763,  641, ..., 1121,  947,  508],
        [ 528,  473, 1229, ..., 1200,  807,  731]],

       ...,

       [[ 767,  522,  878, ...,  946, 1058,  922],
        [ 488, 1043,  925, ...,  691, 1077,  503],
        [ 692, 1245,  641, ..., 1241, 1026, 1555],
        ...,
        [ 998,  776,  902, ...,  806,  551,  930],
        [1169,  941,  699, ...,  648,  870,  938],
        [ 935,  662,  669, ...,  871,  715,  682]],

       [[ 537, 1193, 1378, ...,  674,  637,  758],
        [ 556, 1077,  627, ...,  660, 1060, 1215],
        [1043,  923,  674, ...,  784,  614,  547],
        ...,
        [ 786,  532,  594, ...,  755,  739,  764],
        [1538, 1254,  949, ...,  913,  664,  744],
        [1127, 1141,  609, ...,  847, 1216, 1082]],

       [[ 634,  805, 1055, ..., 1051,  687,  741],
        [ 741, 1280,  753, ...,  842,  494,  451],
        [ 839,  889,  981, ...,  444, 1166, 1442],
        ...,
        [1150,  580, 1243, ..., 1080,  671, 1289],
        [ 755, 1177,  567, ..., 1575,  621,  780],
        [ 956,  680,  623, ..., 1220,  942, 1291]]], dtype=uint16), array([[[ 802,  470, 1321, ..., 1542, 1097,  922],
        [ 577,  910,  978, ..., 1693, 1014,  692],
        [ 786,  618,  966, ..., 1175, 1480,  870],
        ...,
        [1231,  817, 1281, ..., 1190, 1292,  670],
        [1278, 1261,  933, ..., 1831,  939, 1183],
        [1034,  955, 1160, ..., 1249, 1070, 1385]],

       [[ 765, 1631, 1311, ..., 1055, 1256,  962],
        [ 923, 1077, 1687, ..., 1350,  943,  916],
        [1002, 1049,  937, ..., 1572, 1060, 1367],
        ...,
        [ 800,  850, 1096, ...,  952, 1283,  758],
        [1510,  826, 1446, ...,  863,  863, 1072],
        [ 886,  923,  972, ..., 1022, 1212, 1559]],

       [[1150,  659,  754, ...,  878, 1210, 1257],
        [ 969,  811, 1330, ..., 1235,  943,  644],
        [ 865,  965, 1424, ..., 1240, 1100, 1676],
        ...,
        [ 792, 1233,  831, ..., 1167,  823, 1498],
        [ 780,  951,  616, ..., 1235, 1030, 1685],
        [1247, 1031, 1258, ..., 1287, 1436,  975]],

       ...,

       [[ 620, 1015,  960, ..., 1486, 1214, 1390],
        [ 876,  851, 1316, ...,  779, 1261, 1365],
        [1151, 1155,  939, ...,  903,  988,  996],
        ...,
        [1315, 1050, 1252, ..., 1093, 1097, 1181],
        [1184, 1680, 1060, ..., 1320, 1098,  659],
        [1202, 1008,  656, ..., 1182,  991, 1149]],

       [[1099, 1135,  626, ...,  760,  582, 1137],
        [1238, 1099,  838, ...,  773, 1063, 1089],
        [1654, 1453, 1235, ..., 1499, 1536, 1344],
        ...,
        [ 566, 1012,  740, ...,  815,  621,  782],
        [ 690, 1629,  997, ...,  668, 1070, 1234],
        [1179, 1392,  967, ...,  863,  975, 1164]],

       [[1004,  781,  890, ..., 1188,  867,  585],
        [1366, 1152, 1175, ...,  686, 1049, 1344],
        [1171, 1175, 1392, ...,  902,  753,  843],
        ...,
        [1396, 1054, 1006, ...,  461, 1047, 1308],
        [ 779, 1193, 1079, ..., 1186, 1093, 1247],
        [1071, 1159,  641, ..., 1062,  643, 1589]]], dtype=uint16), array([[[ 986, 1017,  800, ..., 1501, 1813, 1532],
        [1299, 1200, 1137, ...,  955, 1079, 1473],
        [1975, 1212, 1739, ..., 1096, 1248,  802],
        ...,
        [1242, 1853, 2177, ..., 1005, 1492, 1158],
        [2187, 1846, 1907, ..., 1363, 1049, 1127],
        [1797, 2078, 1372, ...,  838, 1390, 1398]],

       [[1090, 1229, 1667, ..., 1012, 1559,  942],
        [1277, 1245, 1800, ..., 1416, 1449, 1936],
        [ 915, 1068, 1125, ..., 1093, 1380,  861],
        ...,
        [1765, 1566, 1266, ..., 1165,  790, 1144],
        [2140, 1502, 1777, ..., 1385, 1153, 1786],
        [1999, 1908, 2318, ..., 1044, 1075, 1588]],

       [[1577, 1462, 1142, ..., 1166, 1645, 1094],
        [1822, 1541, 1633, ..., 1352, 1146,  805],
        [1641, 1394,  982, ..., 1355, 1010, 1196],
        ...,
        [1874, 1219, 2371, ..., 1733, 1156, 1646],
        [2064, 1805, 1720, ..., 1126, 1516, 1774],
        [1751, 1242, 1557, ..., 1134, 1373, 1659]],

       ...,

       [[1979, 1881, 1567, ..., 1318, 1698, 1396],
        [1324, 2099, 1419, ..., 1480, 1570, 1647],
        [1611, 1772, 1948, ..., 1653, 1120, 1641],
        ...,
        [1658, 1236, 1665, ..., 2646, 1844, 1977],
        [2557, 1134, 2096, ..., 1716, 1927, 1763],
        [1507, 1406, 1419, ..., 1847, 2457, 2707]],

       [[1425, 2477, 1148, ..., 1778, 2536, 1975],
        [2246, 1820, 2058, ..., 2126, 1235, 1363],
        [1984, 1453, 2148, ..., 2095, 1673, 1177],
        ...,
        [2194, 1481, 1240, ..., 1516, 1886, 2428],
        [1673, 1395, 1257, ..., 1410, 1951, 1897],
        [1869,  900, 1324, ..., 2010, 2249, 1323]],

       [[2275, 1415, 1874, ..., 1899, 2375, 2000],
        [1325, 1999, 1771, ..., 1289, 1582, 1908],
        [1688, 1973, 1168, ..., 1213, 1233, 2595],
        ...,
        [1535, 1378, 1415, ..., 1801, 2471, 2026],
        [1785, 2238, 1100, ..., 1728, 3074, 1607],
        [1485, 2140, 1940, ..., 1633, 1929, 2190]]], dtype=uint16), array([[[ 5473,  4974,  6576, ...,   745,  1742,   758],
        [ 4932,  7024,  9250, ...,   854,  1302,   920],
        [ 3930,  7657, 11318, ...,   651,  1166,  1424],
        ...,
        [  674,  1228,   590, ...,   835,  1079,   819],
        [ 1363,  1027,   621, ...,   858,   930,  1619],
        [ 1171,   960,  1279, ...,   802,   824,   796]],

       [[ 3672,  4706,  6495, ...,   915,   630,   829],
        [ 4080,  5391,  6272, ...,  1013,   945,   642],
        [ 3113,  7824,  7531, ...,  1464,   848,  1183],
        ...,
        [  693,  1155,   662, ...,  1480,  1045,  1197],
        [  709,   915,  1027, ...,   801,   890,  1249],
        [ 1379,   912,  1289, ...,   715,  1102,  1243]],

       [[ 2801,  2845,  3835, ...,   858,  1122,  1195],
        [ 3044,  3132,  4292, ...,   903,   701,   832],
        [ 2593,  5114,  4890, ...,  1005,  1100,   851],
        ...,
        [ 1739,  1219,   699, ...,  1326,   810,   739],
        [  544,  1298,  1355, ...,   589,   935,   751],
        [  882,   651,  1212, ...,  1324,   918,  1269]],

       ...,

       [[ 1170,  1877,  1879, ...,  1113,   922,  1162],
        [ 1050,  1381,  2702, ...,   574,  1027,  1208],
        [ 1240,  1434,  2326, ...,  1096,   652,   860],
        ...,
        [  887,   903,  1280, ...,   768,  1634,   911],
        [ 1388,  1017,  1697, ...,   884,  1188,  1459],
        [  588,  1058,   592, ...,   289,   658,  1032]],

       [[ 1370,  1483,  2150, ...,  1131,   989,   720],
        [ 1306,   857,  1300, ...,   830,  1037,   478],
        [ 1483,  2210,  1229, ...,  1073,   774,   574],
        ...,
        [  873,  1062,  1262, ...,   786,   877,   642],
        [ 1213,   855,  1035, ...,  1073,   728,  1052],
        [ 1024,  2206,  1094, ...,   716,  1251,   989]],

       [[ 1160,  1187,  1399, ...,  1169,  1318,  1183],
        [  829,  1182,  1185, ...,  1003,  1137,  1063],
        [ 1403,  1468,  1201, ...,   722,  1071,   647],
        ...,
        [ 1584,  1156,  1783, ...,  1152,  1282,   994],
        [  594,  1414,   682, ...,   854,   796,  1015],
        [ 1432,  1662,  1276, ...,  1188,  1537,   857]]], dtype=uint16), array([[[1203,  717,  821, ..., 1226, 1291,  805],
        [1382, 1241,  985, ..., 1071, 1367,  881],
        [1577, 1580, 1252, ...,  922, 1158, 1219],
        ...,
        [2038,  968, 1554, ..., 1327, 1128, 1365],
        [ 872,  961, 1516, ..., 1788, 1253, 1578],
        [1471, 1656, 1432, ..., 1361, 1341, 1828]],

       [[1250,  771, 1392, ..., 1138, 1273, 1883],
        [ 872,  649,  693, ..., 1405,  950, 2138],
        [ 979,  348, 1152, ..., 1088,  776, 1113],
        ...,
        [1253, 1130, 1298, ..., 1683, 1228, 1666],
        [ 772,  998, 1136, ..., 1737, 1554, 1386],
        [ 789,  751, 1054, ..., 2528, 1071, 1747]],

       [[1301, 1059,  884, ..., 1173, 1139, 1286],
        [1142, 1173,  775, ..., 1032, 1145, 1020],
        [1308, 1157,  739, ...,  780, 1366,  919],
        ...,
        [ 625, 1027,  838, ..., 2177, 1317, 2112],
        [ 778, 1013, 1230, ..., 2180, 1024, 1603],
        [1625, 1012, 1263, ..., 1118, 1486, 1842]],

       ...,

       [[1089, 1546, 1105, ..., 1574, 1850, 1128],
        [1520, 1201, 1306, ..., 1054, 1004, 1258],
        [ 961, 1265, 1422, ..., 1434, 1597, 1432],
        ...,
        [ 702,  929, 1160, ..., 2773, 3987, 2320],
        [1045,  905, 1506, ..., 3213, 3200, 4354],
        [ 896, 1042,  858, ..., 3838, 3467, 3486]],

       [[1730, 1258, 1361, ..., 1652, 1406, 1132],
        [ 636, 1461,  643, ..., 1136, 1095, 1124],
        [1340, 1434,  935, ..., 1057,  907, 1477],
        ...,
        [ 782, 1011, 1277, ..., 4046, 3044, 2674],
        [1325,  645,  900, ..., 2793, 3432, 3364],
        [ 749, 1322, 1426, ..., 3063, 3734, 3302]],

       [[1155, 1169, 1173, ..., 1131, 1456, 1540],
        [1168, 1020,  979, ..., 1349, 1053, 1018],
        [1309,  635, 1502, ..., 1145, 1093, 1440],
        ...,
        [ 918,  936,  659, ..., 4249, 3863, 2801],
        [1186, 1025,  971, ..., 3980, 3346, 3405],
        [1081, 1066, 1007, ..., 4840, 3532, 2795]]], dtype=uint16), array([[[ 792, 1492, 1581, ..., 1033,  997,  840],
        [ 979, 1212, 1550, ..., 1029,  820,  977],
        [1341,  951,  942, ..., 1857, 1690,  783],
        ...,
        [ 938, 2258,  866, ..., 1467, 1711, 2467],
        [1087, 1459,  969, ..., 2315, 3084, 1817],
        [1597, 1277, 1482, ..., 2384, 2576, 2671]],

       [[1105, 1271, 1551, ...,  884,  787, 1460],
        [ 726, 1387,  889, ...,  766, 1319, 1198],
        [1109, 1126, 1671, ...,  895,  509, 1261],
        ...,
        [ 664,  945, 1663, ..., 1466, 2029, 1382],
        [1539, 1489, 1756, ..., 1569, 2101, 2622],
        [1490, 1503, 1576, ..., 2237, 1376, 1457]],

       [[1368, 1436, 2143, ..., 1207, 1574, 1237],
        [ 847, 1285, 1645, ...,  826,  755, 1128],
        [1058, 1253, 1422, ...,  778,  898, 1066],
        ...,
        [1319,  987, 1748, ..., 1158, 1322, 1035],
        [1000, 1440, 1326, ..., 1226, 2059, 1258],
        [ 997, 1336, 1345, ..., 1403, 1995, 1431]],

       ...,

       [[ 562, 1359,  958, ...,  597,  952, 1009],
        [ 919,  695, 1204, ..., 1802,  765, 1019],
        [1758,  934,  677, ..., 1449,  891,  684],
        ...,
        [ 858,  825,  998, ..., 1212, 1022,  980],
        [ 713, 1555, 1263, ..., 1196, 1242, 1364],
        [1393, 1100,  841, ..., 1110, 1040,  466]],

       [[ 943, 1396,  716, ..., 1078,  778,  768],
        [1526,  980,  558, ...,  780,  964,  742],
        [ 738, 1244,  920, ..., 1051,  959, 1021],
        ...,
        [1000,  736, 1137, ..., 1517,  598,  771],
        [1286, 1164, 1164, ..., 1140, 1106, 1059],
        [1451, 1219,  744, ...,  973,  915,  760]],

       [[ 880, 1391, 1509, ...,  870,  573,  981],
        [ 863,  906, 1056, ...,  858,  954,  571],
        [1168, 1059, 1185, ...,  695,  596, 1023],
        ...,
        [1443, 1497, 1367, ..., 1030, 1289, 1233],
        [1077, 1093, 1480, ..., 1057, 1226, 1035],
        [1432, 1257, 1206, ..., 1501, 1079,  835]]], dtype=uint16), array([[[ 784, 1694, 1638, ...,  861, 1502,  763],
        [ 952, 1267, 1307, ..., 1695,  985,  920],
        [1553, 1658, 1151, ...,  907, 1431, 1421],
        ...,
        [ 906, 1868, 1572, ..., 1129,  756,  886],
        [1884, 1229,  966, ...,  747,  961,  829],
        [1359, 1715, 1875, ...,  578, 1279,  972]],

       [[1332, 1138, 1644, ..., 1417, 1175, 1442],
        [1192, 1847, 1565, ...,  706,  997, 1562],
        [ 660, 1355, 1438, ..., 1044, 1163, 1277],
        ...,
        [1502, 1171, 1331, ...,  579,  742, 1072],
        [1223, 1366, 1187, ..., 1649, 1325, 1075],
        [1407, 2070, 1040, ..., 1413, 1189,  874]],

       [[ 879, 1408, 1317, ..., 1033, 1150, 1281],
        [ 978,  833, 1359, ..., 1118, 1283, 1032],
        [1284, 1062, 2071, ..., 1145, 1475, 1297],
        ...,
        [1023, 1089, 1556, ..., 1031,  785, 1753],
        [ 944, 1016,  999, ..., 1460, 1184, 1558],
        [1560, 1267, 1028, ..., 1270, 1564,  903]],

       ...,

       [[1420, 1431, 1269, ...,  846, 1282,  916],
        [1512, 1780, 1398, ..., 1152, 1218, 1456],
        [ 811, 1587,  722, ..., 1369, 1115, 1470],
        ...,
        [ 592, 1579, 1091, ..., 1483, 1174, 1645],
        [ 984, 1211,  974, ..., 1198, 1126, 1621],
        [1064, 1255, 1019, ...,  998, 1405, 1395]],

       [[ 895,  988, 1922, ..., 1001, 1296, 1279],
        [1378, 1155, 1658, ..., 1010,  983, 1287],
        [1156, 1165, 1528, ..., 1222, 1219,  960],
        ...,
        [ 612,  790,  762, ..., 1231, 1534, 1409],
        [1076,  780,  980, ...,  667, 1579,  719],
        [ 875,  990, 1499, ..., 1613, 1128, 1141]],

       [[1212, 1266, 1285, ..., 1561, 1272, 1335],
        [1540, 1178,  862, ..., 1713, 1226,  579],
        [1209, 1292, 2397, ..., 2013, 1484, 1351],
        ...,
        [1108, 1093, 1343, ..., 1476, 1102,  722],
        [1100,  892,  918, ..., 1385, 1174,  886],
        [1164,  977,  973, ..., 1334, 1526,  728]]], dtype=uint16), array([[[1231, 1077,  660, ..., 1378, 1305, 1119],
        [1314,  733,  987, ...,  851, 1263, 1393],
        [ 940,  902,  805, ..., 1079, 1073, 1604],
        ...,
        [ 995,  535,  845, ...,  625,  929,  753],
        [1097, 1258, 1463, ...,  710,  869, 1059],
        [ 775, 1192,  899, ..., 1018, 1611,  755]],

       [[ 635, 1288,  713, ..., 1162, 1096, 1534],
        [1504,  766, 1061, ..., 1189, 1424, 1142],
        [1139, 1205, 1353, ...,  912, 1105,  922],
        ...,
        [ 678,  678,  827, ..., 1260, 1396, 1421],
        [1054, 1418, 1657, ..., 1128,  622,  974],
        [ 990,  950,  818, ...,  753, 1085,  559]],

       [[ 982, 1111,  963, ..., 1443, 1008, 1008],
        [ 888,  905,  807, ...,  974,  584,  653],
        [1052,  925, 1627, ..., 1212,  832, 1219],
        ...,
        [1070,  525,  810, ..., 1224,  842,  594],
        [ 878, 1203, 1300, ..., 1217, 1004,  902],
        [ 960, 1510,  963, ..., 1314,  500,  638]],

       ...,

       [[ 949,  884,  967, ...,  824, 1209, 1097],
        [ 673,  669,  982, ...,  777, 1316, 1257],
        [1157, 1058,  533, ...,  613, 1083,  589],
        ...,
        [ 908,  980,  647, ..., 1003, 1150,  655],
        [ 967, 1041,  964, ..., 1095, 1230, 1129],
        [1264, 1546,  931, ...,  817,  940, 1392]],

       [[1245,  834,  750, ..., 1169,  736,  651],
        [1194,  673,  728, ..., 1226,  989, 1068],
        [ 766, 1123, 1004, ...,  832, 1487,  915],
        ...,
        [ 669,  787, 1334, ...,  863,  754,  751],
        [ 737, 1362,  552, ...,  855,  751, 1470],
        [1079,  518,  593, ..., 1074,  848,  973]],

       [[1286,  936,  955, ..., 1294,  774,  722],
        [1022,  703,  710, ..., 1661, 1152,  759],
        [1055, 1041, 1223, ...,  962, 1088,  827],
        ...,
        [1171, 1063,  941, ...,  993,  932,  988],
        [1031,  994,  659, ...,  796, 1243,  745],
        [ 746,  790,  753, ..., 1335,  845,  757]]], dtype=uint16), array([[[1006,  926, 1009, ..., 1005, 1477, 1316],
        [1196,  584, 1177, ..., 1119,  893,  541],
        [ 984, 1419, 1097, ..., 1010, 1094,  809],
        ...,
        [1093,  962, 1435, ...,  623,  634,  933],
        [1472, 1320, 1314, ..., 1256,  619,  611],
        [ 970, 1366, 1361, ...,  938,  977, 1119]],

       [[ 997,  860, 1283, ...,  969,  951,  869],
        [1310, 1321,  837, ...,  425,  786,  775],
        [1028, 1296, 1654, ..., 1144, 1264,  944],
        ...,
        [1145, 1188, 1290, ...,  629,  546,  740],
        [1773, 1045, 1275, ...,  864,  893,  527],
        [1903, 1632, 1002, ...,  495,  999,  960]],

       [[ 767,  544, 1019, ..., 1011,  982,  733],
        [ 758,  712,  606, ..., 1001, 1030, 1094],
        [1261,  754,  892, ...,  907,  769, 1290],
        ...,
        [1765,  986, 1203, ...,  905,  926,  542],
        [1761, 1359, 1141, ...,  688,  748,  516],
        [1536,  714, 1489, ...,  913,  895, 1024]],

       ...,

       [[1220,  837, 1063, ...,  603,  730, 1118],
        [1107,  643,  986, ..., 1157, 1064, 1080],
        [ 779,  958,  965, ...,  869,  949, 1023],
        ...,
        [2951, 2335, 1550, ...,  786,  800,  835],
        [3765, 2385, 2423, ...,  780,  969, 1439],
        [5139, 4560, 2466, ...,  496, 1011,  885]],

       [[ 915,  824, 1149, ..., 1224, 1029,  855],
        [1295, 1472,  889, ...,  732,  679,  574],
        [1195,  969, 1126, ...,  720,  708,  652],
        ...,
        [2393, 3939, 3528, ..., 1025, 1591, 1354],
        [4215, 2648, 3673, ..., 1136, 1365, 1140],
        [4398, 3351, 3459, ..., 1186, 1177, 1424]],

       [[1027,  593, 1435, ..., 1078,  590,  773],
        [ 872, 1309,  974, ...,  640, 1212,  541],
        [ 848, 1544,  967, ..., 1339,  863,  479],
        ...,
        [4187, 3457, 2269, ...,  750, 1217,  678],
        [3170, 4156, 3241, ...,  808, 1379,  609],
        [4077, 4169, 3689, ...,  752,  856,  959]]], dtype=uint16), array([[[1689, 1418,  814, ..., 1465,  852,  571],
        [1073, 1407, 1780, ...,  831, 1015,  877],
        [1342, 1290,  972, ...,  898,  785, 1552],
        ...,
        [1311,  746,  644, ..., 1476, 1447,  875],
        [1125, 1167,  784, ..., 1198, 2203, 1605],
        [ 985, 1050, 1220, ..., 1111, 1507, 1241]],

       [[ 739,  628, 1089, ..., 1023, 1205,  893],
        [1326, 1093,  983, ...,  833,  923, 1448],
        [1798,  839, 1043, ..., 1274, 1112, 1299],
        ...,
        [1214,  757, 1492, ..., 1729, 1838, 1496],
        [1092, 1553, 1288, ..., 1084, 1290, 1077],
        [1470,  987, 1222, ..., 1734, 1743, 1077]],

       [[1169,  455,  803, ..., 1002, 1146,  968],
        [1401,  799,  870, ...,  867,  708,  898],
        [ 983, 1249, 1198, ...,  930, 1025, 1316],
        ...,
        [1012, 1057,  482, ..., 1129, 1313,  603],
        [ 976, 1227,  974, ..., 1414, 1492, 1474],
        [1039,  651,  557, ..., 1278, 1075, 1604]],

       ...,

       [[1239, 1060, 1879, ...,  758,  982, 1087],
        [1022, 1656,  901, ..., 1145, 1037,  805],
        [1113, 1240, 1133, ..., 1015, 1298, 1060],
        ...,
        [1282,  574, 1292, ...,  988, 1077, 1180],
        [1034,  838, 1187, ...,  937,  989,  893],
        [ 844, 1087, 1645, ..., 1717, 1248,  815]],

       [[1001,  947, 1788, ..., 1587,  865,  708],
        [1539, 1000, 1138, ...,  971, 1316, 1737],
        [ 868, 1278,  931, ...,  947, 1127, 1185],
        ...,
        [ 953,  932,  879, ...,  733, 1015, 1243],
        [ 933, 1034,  934, ..., 1291, 1323, 1345],
        [1391, 1159,  936, ...,  712, 1132,  968]],

       [[1041, 1043, 1423, ..., 1343, 1335, 1329],
        [1030, 1647, 1730, ..., 1464, 1161, 1205],
        [1594, 1129, 1182, ..., 1028, 1251,  996],
        ...,
        [1222, 1345, 1456, ...,  702, 1254, 1870],
        [1401, 1087, 1196, ..., 1034, 1295, 1470],
        [1154,  787, 1734, ...,  883, 1279, 1741]]], dtype=uint16), array([[[ 600, 1031,  921, ..., 1124,  814,  773],
        [ 938, 1071,  738, ...,  851, 1018, 1674],
        [1243,  515,  665, ...,  618,  748, 1370],
        ...,
        [ 990, 1475, 1301, ...,  868, 1368, 1196],
        [ 759, 1505,  942, ...,  762,  991,  724],
        [ 980,  869, 1096, ..., 1237, 1419, 1258]],

       [[1072,  615,  814, ..., 1300,  401, 1264],
        [ 720,  637, 1125, ..., 1291, 1122,  662],
        [ 955,  835,  799, ...,  626,  781,  969],
        ...,
        [1132, 1126, 1250, ...,  782, 1336, 1148],
        [1546, 1422, 1503, ...,  919,  874, 1516],
        [1105, 1696, 1403, ...,  815,  814,  761]],

       [[1290, 1075, 1072, ...,  750, 1266,  723],
        [ 623, 1255, 1033, ...,  765, 1018,  746],
        [1756, 1357,  441, ...,  743,  745, 1095],
        ...,
        [ 609,  900,  774, ...,  966, 1309,  849],
        [ 972, 1097, 1257, ...,  765, 1391, 1694],
        [ 986, 1110, 1560, ...,  929, 1210,  644]],

       ...,

       [[ 988, 1222,  885, ...,  659, 1311, 1105],
        [ 785,  757, 1791, ...,  767, 1299,  674],
        [1073, 1148, 1557, ...,  811,  569,  911],
        ...,
        [ 994,  962,  845, ..., 1194, 1241, 1438],
        [1528, 1197,  900, ..., 1215, 1041, 1205],
        [1092,  709, 1576, ..., 1174,  965,  780]],

       [[1068, 1104,  946, ..., 1467,  831,  842],
        [1254,  805,  974, ..., 1456,  807, 1079],
        [ 950,  996,  708, ..., 1540,  986,  691],
        ...,
        [2041, 1190, 1286, ..., 1009,  945, 1256],
        [ 915,  940,  743, ..., 1076, 1165, 1431],
        [1316, 1486,  930, ..., 1188, 1219,  663]],

       [[ 987,  923,  987, ..., 1015,  923,  930],
        [1518, 1315,  982, ..., 1383, 1052,  812],
        [1710, 1316,  951, ..., 1238,  631,  871],
        ...,
        [1228, 1258, 1527, ...,  962,  992,  776],
        [ 797, 1724, 1564, ...,  815, 1244, 1528],
        [ 886, 1065,  797, ..., 1456, 1026, 1546]]], dtype=uint16), array([[[ 857,  640,  776, ..., 1171, 1349, 1463],
        [ 611,  648, 1892, ..., 1315, 1084, 1549],
        [1012, 1449,  557, ...,  660,  956, 1325],
        ...,
        [1180, 1490, 1207, ..., 1666, 1350, 1640],
        [ 936,  884,  949, ..., 1138, 2004, 1590],
        [1595, 1254, 1111, ..., 1522, 1331, 1189]],

       [[ 524,  711,  442, ..., 1281,  952,  869],
        [1035,  574,  726, ...,  776,  591,  966],
        [1180,  820, 1085, ...,  966,  863, 1433],
        ...,
        [ 764, 1033,  999, ..., 1081,  808, 1576],
        [ 944,  607, 1036, ..., 1044, 1829, 1929],
        [1103,  734,  993, ..., 1278, 1456, 1297]],

       [[1305, 1483, 1017, ..., 1087,  494, 1338],
        [ 685,  658,  901, ..., 1129, 2158, 1099],
        [ 642, 1029, 1411, ..., 1098, 1339, 1165],
        ...,
        [1024,  792,  782, ..., 1063, 1452, 1377],
        [ 918, 1111, 1524, ..., 1471, 1375, 1217],
        [1108,  810,  909, ..., 1171, 1189, 1445]],

       ...,

       [[ 794, 1368,  883, ..., 1687, 1532, 1003],
        [ 940,  890, 1044, ...,  678, 2014, 1050],
        [ 775, 1287, 1166, ...,  824, 1490, 1112],
        ...,
        [ 958, 1102,  929, ..., 1705, 1957, 1155],
        [1026,  801,  989, ..., 2069, 1787, 1576],
        [ 713,  679,  944, ..., 2333, 2187, 1232]],

       [[ 933,  727,  506, ...,  689, 1215, 1351],
        [ 523,  557,  696, ...,  730, 1635, 1172],
        [ 792,  616,  828, ..., 1746, 1206, 1224],
        ...,
        [ 876, 1192, 1257, ..., 1373, 1443, 1215],
        [ 641, 1163, 1295, ..., 2338, 1546, 1671],
        [ 786, 1031,  892, ..., 2025, 2300, 1138]],

       [[1155, 1248,  875, ...,  888, 1966, 1416],
        [ 478,  883,  967, ..., 1508, 1655, 1067],
        [ 703, 1118,  972, ..., 1073, 1211, 1101],
        ...,
        [ 653, 1214,  714, ..., 1346, 1457, 1480],
        [1014,  726, 1063, ..., 1624, 1758, 1825],
        [1056,  877,  859, ..., 1422, 2157, 1919]]], dtype=uint16), array([[[1205, 1294, 1264, ...,  925, 1460, 1143],
        [1241, 1390, 1514, ...,  566, 1207, 1308],
        [2255, 1593, 1536, ...,  732,  418,  996],
        ...,
        [ 684, 1390, 1043, ...,  709, 1304,  955],
        [1299,  882, 1390, ...,  899, 1552,  934],
        [ 883,  751,  884, ..., 1121,  624, 1194]],

       [[1007, 1094, 1334, ...,  554,  780, 1322],
        [1280, 1626, 1360, ...,  702, 1154,  659],
        [ 762, 1849, 1353, ..., 1352, 1100,  996],
        ...,
        [1179,  981,  575, ..., 1697,  882,  946],
        [ 975, 1328, 1023, ...,  902, 1128, 1173],
        [ 863,  771,  569, ...,  781, 1225, 1136]],

       [[1967, 1017, 1036, ...,  652,  974,  548],
        [1135, 1656, 2364, ...,  610, 1152,  895],
        [1356, 1096, 1765, ...,  733,  697, 1188],
        ...,
        [ 739, 1143,  762, ...,  865, 1029,  413],
        [1178, 1033,  665, ...,  940, 1185,  710],
        [ 931,  989, 1306, ...,  822,  801,  790]],

       ...,

       [[1053, 1019,  962, ...,  971, 1051,  777],
        [ 697, 1104, 1078, ..., 1044,  876,  794],
        [ 946, 1294,  938, ...,  918, 1329,  978],
        ...,
        [ 546,  786, 1121, ..., 2958, 2136, 2190],
        [ 692,  897, 1197, ..., 3863, 2001, 1871],
        [1183,  541, 1072, ..., 2650, 1414, 1985]],

       [[1222, 1063, 1282, ..., 1600,  784,  897],
        [1246, 1079, 1013, ...,  832,  807,  739],
        [1162,  957, 1562, ...,  993,  644,  719],
        ...,
        [1097, 1350,  739, ..., 4375, 2744, 1487],
        [ 928,  833, 1037, ..., 1220, 1679, 1820],
        [ 829,  802,  824, ..., 1811, 1420, 1878]],

       [[1294, 1073,  787, ...,  820,  907, 1064],
        [ 962, 1603, 1052, ..., 1651, 1246,  868],
        [ 979, 1419, 1232, ..., 1310, 1425, 1048],
        ...,
        [ 653, 1265,  896, ..., 2001, 1730, 1021],
        [1062, 1376,  823, ..., 2172,  818, 1053],
        [1387, 1077,  973, ..., 2208, 1800, 1271]]], dtype=uint16), array([[[1229, 1404, 1870, ..., 2299, 1582, 1792],
        [ 854, 1267,  793, ..., 1427, 1350, 1640],
        [ 974, 1113,  799, ..., 1579, 2258, 1660],
        ...,
        [1264,  870, 1514, ...,  953,  842,  813],
        [ 814,  732, 1500, ..., 1141,  910,  656],
        [1066, 1587, 1101, ..., 1111,  721,  781]],

       [[1166, 1002,  639, ..., 1925, 1669, 1208],
        [ 719,  982, 1143, ..., 1905, 2091, 1936],
        [1132, 1040, 1382, ..., 1637, 1347, 2478],
        ...,
        [1257,  621,  874, ..., 1004,  970, 1254],
        [1488,  927,  779, ..., 1098,  874,  971],
        [1404,  879, 1235, ..., 1535, 1098,  512]],

       [[1734, 1387,  922, ..., 2117, 1650, 2140],
        [1138, 1044, 1505, ..., 1587, 1307, 1941],
        [1012,  949,  904, ..., 1616, 1950, 1340],
        ...,
        [ 996,  535, 1155, ...,  631,  618, 1409],
        [1060,  665, 1272, ...,  803, 1159,  725],
        [ 725, 1043,  560, ...,  953, 1103,  906]],

       ...,

       [[1124, 1658, 1646, ..., 2014, 1932, 2401],
        [1365,  862, 1084, ..., 1547, 1564, 1366],
        [1801, 1316, 1447, ..., 1609, 2119, 1109],
        ...,
        [ 830,  848, 1053, ..., 1050, 1115,  832],
        [ 918, 1007,  755, ..., 1055,  845,  524],
        [ 770, 1330, 1142, ...,  801,  426, 1407]],

       [[1468,  744,  859, ..., 2660, 2330, 2993],
        [1031, 1226, 1540, ..., 2415, 2261, 1422],
        [1404, 1114, 1005, ..., 2077, 1827, 2889],
        ...,
        [1804, 1065,  989, ...,  850, 1061,  537],
        [1169, 1023,  602, ...,  581,  947,  423],
        [1008,  631, 1372, ...,  950,  845,  941]],

       [[1274, 1262, 1101, ..., 1970, 2195, 1658],
        [1192, 1235, 1590, ..., 1746, 2704, 1401],
        [ 988, 1234, 1285, ..., 2922, 1884, 1666],
        ...,
        [1346, 1251, 1446, ..., 1003, 1621,  875],
        [1054,  668,  936, ...,  638,  609, 1434],
        [ 863, 1173, 1110, ...,  637, 1086,  882]]], dtype=uint16), array([[[ 630, 1320, 1185, ..., 1778, 2238, 3102],
        [ 882,  965, 1291, ..., 1693, 2493, 2177],
        [ 870,  705, 1026, ..., 2033, 1653, 1523],
        ...,
        [1342, 1318,  977, ...,  664,  651, 1015],
        [1899, 1048,  963, ...,  781,  769,  462],
        [1072,  736,  992, ...,  862, 1007,  918]],

       [[ 947,  919, 1244, ..., 2866, 2822, 2864],
        [1497,  686, 1131, ..., 1814, 3345, 2342],
        [1462, 1395, 1322, ..., 1250, 2537, 2220],
        ...,
        [1047, 1463,  693, ...,  765,  661,  854],
        [ 948, 1222,  589, ...,  521,  608,  841],
        [ 519,  549,  873, ...,  675,  522,  857]],

       [[1207,  596, 1133, ..., 2747, 3241, 2967],
        [ 782, 1403,  961, ..., 2843, 2575, 3260],
        [1035, 1083,  807, ..., 2239, 2585, 2731],
        ...,
        [1150,  907,  844, ...,  887, 1309,  643],
        [1045, 1047, 1064, ..., 1595, 1283,  849],
        [1009, 1691,  905, ...,  650, 1337, 1011]],

       ...,

       [[1096, 1384, 1013, ..., 1092, 1132, 1648],
        [1162, 1519, 1390, ..., 1333,  966, 1159],
        [1518,  913, 1222, ..., 1698, 1243, 1177],
        ...,
        [1402, 1164, 1062, ..., 1470,  634,  917],
        [1716,  976,  821, ..., 1041,  831,  634],
        [ 591, 1169, 1325, ...,  602,  947,  633]],

       [[ 887, 1106,  696, ..., 1474, 1090, 1406],
        [1496,  774, 1306, ...,  662, 1168, 1399],
        [1853, 1074, 2084, ...,  913,  816,  651],
        ...,
        [1670,  987, 1451, ...,  608,  890,  657],
        [1277,  819,  724, ...,  855,  996, 1078],
        [1346,  740,  916, ..., 1098,  952, 1347]],

       [[1019, 1028, 1472, ..., 1668, 1183,  984],
        [ 720,  879, 1628, ...,  908, 1215, 1167],
        [1363, 1397, 1007, ...,  903,  876,  826],
        ...,
        [ 893,  829, 1895, ...,  993, 1241,  544],
        [1240, 1182,  983, ..., 1805,  730, 1032],
        [1053, 1299, 1386, ..., 1071, 1375,  783]]], dtype=uint16), array([[[1094, 1268, 1208, ..., 1222,  901, 1315],
        [1082, 1223, 2113, ...,  849, 1021,  969],
        [2114, 1511, 2626, ...,  836, 1034,  705],
        ...,
        [1308,  949, 1108, ..., 1141,  839,  880],
        [1540,  928,  985, ..., 1080,  880,  952],
        [1917, 1924,  991, ..., 1023, 1174, 1237]],

       [[1772, 1580, 1175, ..., 1068, 1113,  484],
        [1359, 1888, 1488, ...,  887,  922, 1114],
        [1498, 1498, 1560, ..., 1181, 1046, 1169],
        ...,
        [1690, 2015, 1203, ...,  826, 1196, 1416],
        [1511, 1877, 1270, ...,  524,  924, 1360],
        [1596, 1814, 1055, ..., 1236, 1029,  933]],

       [[1181, 1762, 1670, ..., 1327,  701, 1025],
        [1263, 1212, 1222, ...,  876,  926, 1458],
        [1082, 1434, 1780, ...,  731, 1061,  914],
        ...,
        [1239, 1887, 1619, ..., 1175,  854, 1134],
        [1498, 1437, 1499, ...,  729,  865, 1562],
        [1941, 1896, 1916, ..., 1416,  610,  704]],

       ...,

       [[1525, 1653, 1092, ..., 1182,  826,  884],
        [1379, 1402, 1294, ...,  744, 1471,  913],
        [1252, 1865, 1121, ..., 1517,  884, 1000],
        ...,
        [2458, 1902, 1458, ..., 1244,  717, 1297],
        [1832, 1924, 1252, ..., 1344, 1023,  829],
        [1726, 1533, 1765, ..., 1265, 1390, 1221]],

       [[1153, 1383, 1027, ..., 1420, 1279, 1210],
        [1067, 1813, 1065, ..., 1137, 1099,  949],
        [1400, 1675, 1082, ...,  829,  694,  907],
        ...,
        [1548, 2639,  889, ..., 1352, 1067, 1356],
        [2307, 2286, 1386, ..., 1000, 1074,  790],
        [2333, 2293, 1487, ...,  830,  651, 1166]],

       [[1732, 1854, 1383, ..., 1625, 1608,  859],
        [ 939,  745, 1382, ..., 1816, 1076,  860],
        [ 868, 1369, 1360, ..., 1210, 1337,  791],
        ...,
        [1901, 1658, 1408, ..., 1474, 1547, 1077],
        [1579, 1625, 1050, ..., 1356, 1241,  971],
        [2255, 2136, 1874, ...,  898, 1146, 1159]]], dtype=uint16), array([[[1658, 1355, 1130, ..., 1304,  949, 2077],
        [ 957, 1144, 1203, ..., 1061, 1078, 1482],
        [ 624,  959,  656, ...,  897, 1129, 1192],
        ...,
        [ 826,  743,  723, ..., 1214, 1582, 1072],
        [ 759,  857,  876, ..., 1060,  821,  666],
        [1008,  855,  749, ..., 1374, 1030,  637]],

       [[ 720,  991, 1430, ...,  638, 1384, 1484],
        [ 576,  890,  782, ..., 1328,  914, 1587],
        [1449, 1055, 1477, ..., 1487, 1291, 1506],
        ...,
        [ 882,  874,  730, ...,  986, 1040,  847],
        [ 724,  947, 1130, ..., 1658,  758, 1108],
        [1584,  726,  669, ...,  999,  888, 1299]],

       [[1366, 1257, 1327, ..., 1151, 1103, 1581],
        [1310,  808, 1014, ..., 1644,  829, 1500],
        [1292,  738, 1036, ..., 1012, 1532,  938],
        ...,
        [ 745,  872,  945, ..., 1089,  790,  938],
        [ 805,  904,  952, ...,  988, 1129, 1054],
        [ 617,  715,  925, ..., 1022, 1025,  898]],

       ...,

       [[1641, 1400, 1206, ..., 1950, 1507, 1521],
        [ 833,  932,  804, ..., 1210, 1172, 1728],
        [1230,  946,  465, ..., 2015, 2696, 1548],
        ...,
        [ 748, 1140,  590, ...,  775,  979, 1097],
        [1205,  817, 1346, ...,  898,  358,  957],
        [1583,  942,  873, ..., 1130, 1194, 1679]],

       [[1311, 1111,  805, ..., 1460, 1069, 1765],
        [1035,  748,  824, ..., 1744, 2058, 2000],
        [ 965,  587, 1044, ..., 2318, 2081, 2111],
        ...,
        [ 816, 1021, 1599, ..., 1075, 1071,  942],
        [1482, 1251, 1604, ..., 1211,  803, 1367],
        [1537, 1162,  867, ..., 1441,  970, 1575]],

       [[ 934, 1253,  912, ..., 1190, 1371, 1790],
        [ 903,  536,  872, ..., 2265, 1371, 2066],
        [1054,  924,  439, ..., 1474, 2217, 2349],
        ...,
        [ 489, 1021, 1091, ...,  587, 1203, 1033],
        [ 605, 1077, 1058, ...,  943, 1181,  936],
        [1337,  933,  965, ..., 1277,  912, 1532]]], dtype=uint16), array([[[1719,  745, 1091, ..., 1655, 1409, 1039],
        [1306, 1238, 1218, ..., 1526, 2243, 1925],
        [1741, 1358, 1463, ..., 2361, 1947, 2364],
        ...,
        [1007, 1129, 1037, ...,  927, 1061, 1240],
        [1037, 1552,  918, ...,  969, 1652,  597],
        [1078, 1371, 1391, ..., 1300, 1289,  996]],

       [[1436, 1319, 1087, ..., 2156, 1672, 1417],
        [1245,  875, 1703, ..., 1858, 1826, 1297],
        [1568, 1334,  966, ..., 1730, 2782, 4273],
        ...,
        [ 864,  772,  490, ...,  579,  412, 1301],
        [ 814, 1085,  961, ..., 1147, 1031,  679],
        [ 769, 1356,  885, ..., 1185, 1819,  946]],

       [[1471, 1982,  675, ..., 1516, 1491, 3167],
        [1013, 1178, 1505, ..., 1831, 1748, 3517],
        [1383, 1503, 1095, ..., 1610, 2082, 3722],
        ...,
        [ 865,  833, 1258, ..., 1076, 1198,  713],
        [ 801, 1106,  868, ..., 1217, 1097,  865],
        [1257,  967, 1676, ..., 1069, 1080,  628]],

       ...,

       [[1862, 1824, 1368, ..., 1403,  817, 2066],
        [1656, 1886, 1482, ..., 1518, 1323, 1220],
        [1999, 1523,  913, ..., 1530, 1058, 2469],
        ...,
        [1676, 1333, 1111, ...,  954, 1153, 1334],
        [1026, 1496, 1728, ...,  646, 1296,  844],
        [ 981,  654, 1448, ..., 1748, 1341, 1375]],

       [[1090, 1472, 1892, ..., 1663, 1742, 1763],
        [1357, 1782, 1529, ..., 1726, 2018,  991],
        [1117, 1135, 1185, ..., 1627, 1306, 2009],
        ...,
        [1023, 1397, 1380, ..., 1109, 1657, 1323],
        [1151, 1431, 1396, ..., 1310,  921, 1058],
        [1346, 1509, 1516, ..., 1261, 1001,  923]],

       [[ 911, 1032, 1256, ..., 1322, 1307, 1555],
        [1052, 1551,  906, ..., 1713,  934, 1346],
        [1098, 1158, 1408, ..., 1902, 1618, 1111],
        ...,
        [1754, 1162, 1393, ..., 1183, 1018, 1409],
        [1123, 1263, 1332, ..., 1426, 1034, 1098],
        [ 967, 1397, 1053, ..., 1524, 1036, 1330]]], dtype=uint16), array([[[ 485, 1116,  837, ...,  782, 1524,  795],
        [ 586,  893,  887, ...,  567,  779,  817],
        [1230,  894, 1070, ..., 1289, 1029, 1024],
        ...,
        [2794, 1497, 2521, ..., 1161,  706, 1126],
        [1255, 2603, 2637, ..., 1647, 1428,  834],
        [2912, 2911, 2121, ...,  833, 1704, 1416]],

       [[ 907,  945, 1520, ..., 1155,  755,  867],
        [ 910,  753,  879, ...,  847,  728,  784],
        [1267, 1015,  919, ...,  820,  646,  657],
        ...,
        [1818, 1299, 2374, ..., 1362, 1147, 1329],
        [1683, 1492, 2099, ...,  915, 1246,  737],
        [1371, 1837, 2131, ...,  474, 1018, 1437]],

       [[1103,  745,  769, ..., 1074, 1383,  944],
        [ 931, 1479, 1021, ...,  683,  673,  888],
        [ 964,  847, 1091, ...,  737,  763, 1022],
        ...,
        [1737, 1719, 1554, ...,  739, 1062, 1185],
        [1258, 1531, 1380, ...,  985, 1130, 1221],
        [1245, 1986, 1832, ...,  644, 1328, 1220]],

       ...,

       [[ 843,  695,  890, ..., 1225, 1103, 1184],
        [ 886,  694,  626, ..., 1065, 1099, 1402],
        [ 626,  688, 1322, ...,  946,  672,  701],
        ...,
        [1735, 1429,  670, ...,  937, 1623, 1972],
        [ 920, 1248,  741, ..., 1161, 1741, 1969],
        [1024,  703, 1055, ...,  618, 1835, 2248]],

       [[1032,  735,  997, ...,  984, 1093,  860],
        [ 737,  841,  838, ..., 1024,  872, 1051],
        [1203,  974,  872, ..., 1296, 1148, 1104],
        ...,
        [1520, 1287,  981, ..., 1175, 1356, 2562],
        [1317, 1050, 1175, ..., 1128, 2221, 1902],
        [ 914,  787,  753, ..., 1758, 1579, 1446]],

       [[1046,  971,  915, ..., 1067,  819, 1161],
        [ 694,  978, 1090, ...,  970,  548,  731],
        [ 882,  764, 1254, ...,  924, 1248, 1207],
        ...,
        [ 549, 1178,  580, ..., 1472, 2038, 1970],
        [1143, 1180,  369, ..., 1872,  937, 1784],
        [1285, 1116,  586, ..., 1355, 1456, 1116]]], dtype=uint16), array([[[ 759, 1295, 1160, ..., 1255, 1107,  992],
        [1502,  522,  878, ...,  734, 1000,  670],
        [ 997, 1022,  963, ...,  852, 1167,  746],
        ...,
        [1446,  854, 1206, ..., 1078,  941, 1068],
        [ 541,  714, 1058, ..., 1065,  499, 1123],
        [1000, 1189, 1247, ...,  614, 1678,  849]],

       [[1053,  906, 1611, ...,  850,  747,  509],
        [1113, 1022,  748, ..., 1043, 1590, 1359],
        [1111, 1098, 1028, ...,  931,  996,  965],
        ...,
        [1532,  598, 1067, ...,  668,  601,  781],
        [ 691, 1007,  954, ..., 1250,  813,  600],
        [ 561,  890,  862, ...,  724, 1062,  961]],

       [[1568, 1063, 1077, ..., 1030,  671,  980],
        [1272, 1211, 1073, ..., 1159, 1060,  426],
        [1020, 1347,  979, ...,  601, 1217, 1034],
        ...,
        [ 488,  930,  709, ...,  833, 1156,  655],
        [ 721,  730,  936, ...,  915, 1137,  896],
        [ 553, 1102, 1017, ...,  967,  829, 1326]],

       ...,

       [[1056, 1580, 1109, ...,  935,  825,  762],
        [1032,  579, 1201, ...,  637, 1453, 1422],
        [1155, 1515, 1153, ...,  895, 1081,  767],
        ...,
        [ 821,  834,  704, ...,  849, 1098,  983],
        [1040,  943,  493, ...,  583,  757,  790],
        [ 844,  843,  630, ...,  943,  536,  608]],

       [[ 802, 1087, 1115, ..., 1293, 1177,  823],
        [1204, 1379, 1236, ...,  609, 1112, 1188],
        [ 969,  962, 1736, ...,  604,  894, 1007],
        ...,
        [ 794,  979,  712, ...,  672,  943,  478],
        [ 362,  643,  813, ...,  601,  619,  547],
        [ 531,  525, 1343, ...,  583,  645,  605]],

       [[1157, 1523,  774, ...,  992, 1392,  955],
        [ 998, 1127, 1366, ...,  977,  668,  904],
        [1074, 1053,  989, ..., 1004,  882, 1052],
        ...,
        [ 407,  950, 1013, ...,  721, 1179,  897],
        [ 807, 1006,  582, ...,  573,  830,  711],
        [ 374,  529, 1103, ...,  872,  481, 1141]]], dtype=uint16), array([[[ 938, 1710,  733, ..., 1270, 1030,  624],
        [ 729, 1282,  861, ..., 1124, 1392, 1131],
        [ 709, 1199,  909, ...,  840, 1365,  966],
        ...,
        [1014, 1303,  780, ...,  857,  720,  770],
        [1068,  858,  895, ..., 1078,  794, 1165],
        [ 735,  445, 1012, ..., 1359, 1052, 1066]],

       [[ 898,  903, 1506, ..., 1230, 1013,  998],
        [ 765,  419,  997, ..., 1263,  731, 1544],
        [1129,  765, 1266, ..., 1200, 1493, 1450],
        ...,
        [1199, 1236, 1265, ..., 1348, 1347,  810],
        [ 902, 1001, 1433, ...,  874,  837, 1229],
        [1176, 1520, 1221, ..., 1201, 1849,  772]],

       [[ 741,  696,  828, ...,  974, 1467, 1450],
        [1537,  781, 1373, ...,  991,  911, 1273],
        [1068, 1030, 1232, ...,  961, 1504, 1091],
        ...,
        [ 748, 1133, 1036, ..., 1093,  522, 1163],
        [ 943, 1394, 1596, ..., 1370,  915,  814],
        [1190, 1420,  592, ...,  805, 1189,  779]],

       ...,

       [[ 864, 1398,  763, ..., 1005, 1394,  764],
        [1403, 1112, 1733, ..., 1106,  784,  985],
        [1531, 1160, 1241, ...,  755,  675,  866],
        ...,
        [ 660,  770, 1298, ..., 1024, 1710,  876],
        [ 923,  589, 1262, ...,  829,  873, 1140],
        [1266, 1467,  978, ...,  624, 1119,  540]],

       [[1482, 1272, 2025, ...,  908, 1097,  805],
        [ 969,  771, 1395, ..., 1003,  739,  783],
        [1175,  894, 1698, ...,  716, 1632,  786],
        ...,
        [1413, 1038, 1464, ...,  992,  892,  771],
        [1466, 1099, 1128, ...,  735,  692, 1074],
        [ 881,  903, 1214, ...,  823,  830,  830]],

       [[1421, 1909, 1487, ...,  868, 1076,  668],
        [1707, 2034, 1509, ...,  841,  972, 1213],
        [1740, 1386,  839, ...,  832,  837, 1143],
        ...,
        [ 732, 1253,  789, ..., 1185, 1077, 1155],
        [ 873, 1093,  868, ...,  920,  517, 1313],
        [ 988,  888,  823, ...,  668,  541,  736]]], dtype=uint16), array([[[1193,  863,  553, ..., 1164,  617, 1473],
        [1075,  974,  936, ..., 1043,  964,  902],
        [ 841,  769,  980, ...,  852,  914,  719],
        ...,
        [ 940,  826,  542, ...,  848,  475, 1088],
        [ 626,  687,  620, ...,  714, 1024, 1038],
        [ 700,  945,  665, ..., 1075,  896,  644]],

       [[1417,  850,  538, ...,  840,  824,  942],
        [ 689, 1113, 1166, ...,  927,  626, 1124],
        [ 865,  674,  727, ..., 1036,  580,  916],
        ...,
        [1105,  758, 1163, ..., 1044,  724,  794],
        [ 807,  815,  737, ...,  799,  726,  590],
        [ 657,  965, 1139, ...,  408, 1055, 1167]],

       [[1055,  730,  788, ...,  790,  723,  575],
        [ 716,  516,  884, ...,  914, 1805,  690],
        [1086,  548,  881, ..., 1307, 1043,  901],
        ...,
        [ 965,  429,  874, ...,  649, 1093,  802],
        [ 358, 1256,  744, ...,  886,  938,  876],
        [ 799,  559,  967, ...,  691,  678,  734]],

       ...,

       [[1006, 1519,  962, ...,  966, 1080, 1096],
        [ 984, 1022,  950, ..., 1411,  947,  831],
        [2005, 1503, 1109, ...,  791, 1335,  723],
        ...,
        [ 729,  998,  580, ...,  968, 1080,  472],
        [ 845,  971,  979, ..., 1338,  620, 1198],
        [ 718,  616, 1106, ...,  838,  889, 1190]],

       [[1113,  503, 1183, ...,  865, 1035, 1000],
        [1387, 1188, 1030, ..., 1005, 1516,  796],
        [ 870,  924,  936, ..., 1179, 1041, 1156],
        ...,
        [ 690,  795, 1017, ..., 1080,  991,  711],
        [ 640,  856, 1066, ..., 1061, 1402, 2014],
        [ 567,  521, 1001, ...,  791, 1004,  966]],

       [[ 752, 1139, 1215, ...,  707, 1179, 1406],
        [1508,  806, 1697, ..., 1137, 1083,  774],
        [ 986,  963, 1287, ...,  740,  541,  996],
        ...,
        [ 961,  482,  399, ..., 1064, 1219, 1153],
        [ 738,  713, 1401, ...,  840,  491,  786],
        [ 815,  791,  938, ..., 1063, 1095,  879]]], dtype=uint16), array([[[ 833, 1719, 1228, ..., 1397,  738,  934],
        [ 993, 1108, 1281, ...,  873, 1116,  904],
        [1363, 1046, 1623, ...,  870, 1503, 1063],
        ...,
        [ 907,  622, 1130, ..., 3140, 2104, 2176],
        [1190,  972,  956, ..., 2021, 2244, 2842],
        [1190, 1624,  901, ..., 2067, 1920, 2076]],

       [[ 820, 1023,  863, ...,  569, 1657,  981],
        [1394, 1172, 1367, ...,  995, 1154,  806],
        [ 801,  819,  749, ...,  866, 1001, 1094],
        ...,
        [ 483,  919, 1319, ..., 3795, 2649, 2449],
        [1115, 1429,  781, ..., 2465, 1799, 2222],
        [ 766,  780,  387, ..., 3058, 3102, 1959]],

       [[1622, 1813, 1677, ...,  966, 1540,  763],
        [ 649, 1024, 1170, ...,  844, 1156,  715],
        [ 639, 1180, 1074, ...,  870, 1105,  883],
        ...,
        [ 972,  473, 1284, ..., 2420, 2466, 2332],
        [ 886,  791,  902, ..., 2240, 3473, 4273],
        [1357,  921,  936, ..., 4276, 3107, 1981]],

       ...,

       [[ 670, 1062,  953, ..., 1049, 1115, 1047],
        [ 667,  661,  577, ..., 1053, 1547, 1651],
        [ 784, 1536, 1034, ...,  952,  790,  859],
        ...,
        [1408,  461,  914, ..., 3871, 4154, 4950],
        [ 965,  800, 1283, ..., 4723, 4024, 4629],
        [1330,  804,  911, ..., 5834, 4132, 5070]],

       [[ 824,  856,  845, ..., 1409,  656,  881],
        [ 959, 1968, 1378, ...,  984,  832, 1553],
        [1356,  823, 1009, ...,  481, 1297,  992],
        ...,
        [1144,  925,  941, ..., 3002, 5356, 7749],
        [1091, 1257, 1050, ..., 3633, 4805, 7209],
        [1303,  640,  731, ..., 4547, 5160, 6562]],

       [[1254, 1080, 1018, ..., 1061, 1179, 1511],
        [ 832,  726,  786, ...,  974, 1122,  971],
        [ 918, 1003, 1180, ..., 1658, 1310, 1342],
        ...,
        [ 722, 1077, 1135, ..., 4745, 6385, 8581],
        [ 979,  990, 1063, ..., 4167, 6288, 7742],
        [ 686,  895, 1361, ..., 5273, 4554, 7297]]], dtype=uint16), array([[[ 632, 2025, 1264, ...,  979,  913,  923],
        [ 930, 1210, 1206, ...,  790,  952,  603],
        [1361, 1367, 1891, ...,  837,  507, 1194],
        ...,
        [ 743, 1229,  719, ...,  922,  897,  920],
        [ 546,  726,  766, ...,  952,  836, 1457],
        [ 844,  871,  659, ...,  533,  673,  771]],

       [[1197, 1130, 1386, ...,  766, 1058,  734],
        [1654, 1387, 1292, ...,  709,  554, 1175],
        [1867, 1118, 2287, ..., 1227, 1165, 1185],
        ...,
        [ 325, 1261,  524, ...,  852,  668,  462],
        [ 749,  714,  736, ...,  575,  825,  633],
        [ 848, 1065,  776, ...,  788,  730,  586]],

       [[1483, 1114, 1236, ...,  540, 1191,  862],
        [1163, 1438, 1165, ...,  986,  664,  610],
        [1122, 1280, 1080, ...,  394,  731, 1104],
        ...,
        [ 518,  904,  761, ...,  554,  888,  748],
        [ 600,  597,  774, ...,  646,  494,  847],
        [1399, 1115, 1380, ...,  931, 1058,  689]],

       ...,

       [[ 830, 1814, 1754, ...,  958, 1154,  439],
        [ 710, 1633, 1308, ...,  706,  719, 1124],
        [1157, 1163,  727, ...,  588,  753,  772],
        ...,
        [ 816,  726,  744, ..., 1032,  496,  569],
        [ 703,  388,  814, ...,  784, 1138,  535],
        [ 626,  563, 1406, ...,  414,  905, 1129]],

       [[1492, 1067, 1273, ...,  739,  846,  886],
        [1376, 1112, 1476, ...,  972,  953,  675],
        [1051, 1026,  861, ...,  771, 1104,  752],
        ...,
        [ 902,  711,  855, ...,  710,  869, 1253],
        [1272, 1013,  946, ...,  807,  928, 1433],
        [1121,  870,  755, ..., 1018,  843,  788]],

       [[1159, 1501, 1106, ...,  556, 1274, 1034],
        [1097, 1415,  882, ...,  374,  817,  536],
        [1000,  803,  976, ...,  683,  960,  618],
        ...,
        [ 769,  777,  838, ...,  580,  911,  936],
        [ 533,  754,  501, ...,  586,  768,  515],
        [ 814,  788,  866, ...,  831,  715,  618]]], dtype=uint16), array([[[1562, 1646, 1681, ...,  941, 1512,  703],
        [1772, 2069, 2960, ..., 1137,  663, 1313],
        [2168, 2025, 2049, ...,  609,  679, 1229],
        ...,
        [ 417,  824,  797, ...,  716, 1587, 1244],
        [ 567,  765,  679, ..., 1517,  935,  872],
        [1037,  799,  760, ...,  741,  875, 1143]],

       [[1399, 1690, 2922, ..., 1152, 1452,  851],
        [2976, 2201, 1858, ...,  858,  670, 1276],
        [2440, 1964, 2100, ...,  573,  935,  800],
        ...,
        [ 833,  870,  694, ..., 1082, 1018,  937],
        [ 595, 1376, 1062, ..., 1300,  840,  803],
        [ 882,  818,  803, ...,  875,  843,  708]],

       [[1881, 2166, 1624, ...,  922, 1417,  550],
        [2218, 2859, 1517, ..., 1037,  798, 1072],
        [2089, 2031, 2553, ..., 1176,  593,  562],
        ...,
        [ 583, 1339, 1529, ...,  965, 1514,  754],
        [ 602,  706,  939, ..., 1025,  557, 1515],
        [ 482,  839, 1120, ...,  986,  764,  713]],

       ...,

       [[1458, 1040, 1480, ...,  911,  843, 1158],
        [1121, 1329, 1459, ..., 1058, 1084, 1329],
        [1711, 1390, 1280, ..., 1209,  796,  916],
        ...,
        [ 720,  665,  510, ..., 1326, 1444,  820],
        [1344, 1004,  869, ..., 1037, 1479, 1149],
        [1142,  945,  690, ..., 1465, 1573, 1474]],

       [[1519, 1727, 1088, ..., 1593, 1294, 1347],
        [1596, 1513, 1294, ..., 1810,  751, 1398],
        [1035, 1621, 1560, ..., 1461, 1111, 1396],
        ...,
        [1275, 1066,  984, ..., 1105, 1398, 1015],
        [1433,  790,  599, ..., 1378, 1964, 1232],
        [ 712, 1033, 1243, ..., 1258, 1448, 1839]],

       [[ 794, 1794, 1861, ..., 2258, 1510, 1689],
        [1585, 1347, 1467, ..., 1019, 1037, 1140],
        [1202,  997, 1466, ..., 1770, 1365, 1415],
        ...,
        [1277, 1038,  718, ...,  829, 1000,  965],
        [ 748,  731,  854, ...,  708, 1438, 1340],
        [1755,  768, 1264, ..., 1152, 1238,  810]]], dtype=uint16), array([[[1094, 1146, 1570, ...,  852, 1262,  810],
        [ 726,  948,  517, ...,  769,  853, 1034],
        [1170, 1965, 1386, ...,  597, 1264, 1089],
        ...,
        [1226,  894,  965, ...,  517, 1109,  854],
        [ 983, 1290, 1081, ...,  961,  897,  629],
        [ 790, 1498,  967, ...,  987, 1315,  675]],

       [[ 884,  864,  678, ..., 1111, 1110,  882],
        [1050, 1532, 1969, ..., 1603,  896,  888],
        [1251, 1295,  780, ..., 1614, 1240, 1009],
        ...,
        [1054,  963,  931, ...,  612, 1235,  697],
        [1075, 1342,  786, ...,  866,  757,  695],
        [ 955,  940, 1266, ...,  434, 1183, 1060]],

       [[ 750,  568,  862, ...,  735,  770,  987],
        [ 976,  876,  940, ...,  968,  999,  759],
        [1661,  665, 1206, ...,  883,  814, 1212],
        ...,
        [1531,  834, 1033, ..., 1315, 1114,  858],
        [1223,  873, 1246, ...,  840,  976,  609],
        [1452,  421, 1105, ..., 1004, 1053, 1478]],

       ...,

       [[1669, 1191, 1458, ..., 1148, 1007,  959],
        [1172, 1552, 1490, ...,  831,  868, 1086],
        [1274,  824, 1232, ...,  509,  880,  639],
        ...,
        [1109,  581,  975, ..., 1289,  756,  957],
        [ 841, 1291,  650, ...,  614,  983,  960],
        [1031,  852, 1154, ...,  697, 1112,  884]],

       [[1467, 1032, 1308, ..., 1033,  917, 1052],
        [1225, 1055, 1032, ...,  841, 1043, 1021],
        [1481, 1708, 1096, ...,  553, 1108, 1173],
        ...,
        [1448,  746,  850, ...,  736, 1520, 1422],
        [ 735, 1556,  667, ..., 1160,  913,  797],
        [ 916, 1031, 1268, ...,  581,  617,  475]],

       [[ 761, 1486,  827, ...,  605,  897,  832],
        [1155, 1418, 1146, ..., 1098, 1037,  568],
        [ 681,  672, 1159, ...,  928, 1008,  444],
        ...,
        [1546, 1183,  941, ...,  764,  967, 1329],
        [ 767, 1175,  891, ...,  964,  846,  615],
        [ 797, 1282,  803, ...,  691,  997,  687]]], dtype=uint16), array([[[ 396,  613,  968, ...,  748, 1439,  793],
        [ 692, 1110,  902, ...,  779, 1098, 1279],
        [ 673,  733, 1408, ...,  933, 1131,  934],
        ...,
        [ 829,  674, 1033, ..., 1167,  688,  833],
        [ 778,  986, 1772, ...,  883, 1007, 1355],
        [ 821,  950,  621, ...,  729,  723, 1065]],

       [[ 706,  589,  460, ...,  892, 1018, 1085],
        [ 613,  759,  708, ...,  968, 1104, 1150],
        [1067,  912,  739, ...,  976,  813,  578],
        ...,
        [1005, 1005, 1073, ..., 1087,  902, 1338],
        [ 515,  834,  984, ...,  804, 1729, 1131],
        [ 814, 1116,  857, ...,  843,  774, 1246]],

       [[ 901,  562,  711, ..., 1524,  641, 1361],
        [ 637,  587,  983, ..., 1215, 1454,  965],
        [1048,  984,  920, ...,  546,  700, 1000],
        ...,
        [1100, 1352, 1025, ...,  692, 1267, 1222],
        [ 733,  713,  596, ...,  849, 1214, 1268],
        [1763, 1077, 1035, ..., 1427,  953, 1051]],

       ...,

       [[ 502, 1394,  956, ...,  895, 1029,  564],
        [ 753,  745,  817, ..., 1049, 1264,  961],
        [ 831,  645,  506, ...,  838,  735,  968],
        ...,
        [ 884,  806, 1171, ..., 1688, 1032,  907],
        [1045,  855, 1596, ..., 1386, 1249, 1200],
        [1022, 1232, 1613, ...,  990, 1148, 1408]],

       [[1176,  809, 1276, ...,  771,  762, 1170],
        [ 871,  630,  645, ...,  691,  947, 1164],
        [1359,  939,  953, ...,  923, 1350, 1184],
        ...,
        [1186, 1119, 1489, ...,  404,  842,  928],
        [ 895,  820,  833, ..., 1225,  688,  862],
        [1285, 1093, 1022, ..., 1114,  597,  776]],

       [[1333,  518,  870, ...,  924, 1291,  884],
        [ 737,  911,  650, ...,  542,  832,  544],
        [ 970,  882, 1289, ...,  996,  738, 1002],
        ...,
        [ 836, 1176, 1349, ..., 1228, 1049,  961],
        [1045, 1366, 1178, ..., 1104,  725,  975],
        [1005, 1261,  845, ..., 1164,  884,  996]]], dtype=uint16), array([[[1042,  755, 1914, ..., 1138, 1363, 1228],
        [1045, 1000, 1528, ..., 1854, 1437,  939],
        [1204, 1124, 1086, ..., 1208, 1262, 1975],
        ...,
        [ 797, 1258, 1107, ..., 1124, 1354, 1624],
        [1437,  913,  712, ..., 1702,  756, 1107],
        [1021, 1549,  899, ...,  970, 1100,  733]],

       [[ 906, 1363, 1172, ..., 1202, 1007, 1543],
        [1261, 1606, 1038, ...,  817, 1175, 1625],
        [ 931, 1269, 1043, ..., 1219, 1816, 1185],
        ...,
        [1170,  777, 1077, ..., 1362, 1475, 1530],
        [1182,  631,  545, ...,  623, 1235, 1457],
        [ 530, 1146,  626, ...,  823, 1331, 1207]],

       [[1013,  826,  678, ...,  634, 1179,  844],
        [ 764,  818, 1274, ...,  981, 1510, 1047],
        [ 987, 1024,  832, ..., 1175, 1504, 1076],
        ...,
        [1162, 1019, 1017, ..., 1570, 1363, 1213],
        [ 983, 1463,  523, ...,  845,  886, 1401],
        [1367, 1566,  827, ..., 1173,  861, 1290]],

       ...,

       [[2053, 1090,  789, ..., 1084, 1191, 1426],
        [1030,  838, 1139, ...,  825,  926,  778],
        [1289, 1207, 1232, ...,  904,  875, 1007],
        ...,
        [ 804, 1528, 1491, ..., 1164, 1777,  762],
        [1461, 1244, 1233, ..., 1485, 1302,  936],
        [1228, 1270,  595, ..., 1342, 1428, 1279]],

       [[1392, 1333, 1215, ..., 1126, 1232, 1228],
        [1199,  690, 1242, ...,  883, 1480, 1285],
        [1820, 1510,  899, ..., 1603, 1358, 1439],
        ...,
        [1406,  893,  991, ..., 1082, 1406, 2012],
        [ 540, 1284,  771, ..., 1124, 1315, 1169],
        [1180, 1576,  709, ..., 1577, 1345,  816]],

       [[1108, 1417, 1476, ...,  840,  926,  770],
        [1040, 1311,  993, ...,  868, 1356, 1048],
        [ 695, 1032, 1511, ..., 1008,  964, 1079],
        ...,
        [1011, 1263, 1581, ..., 1540, 1466,  995],
        [ 824,  988,  768, ..., 1859, 1256, 1317],
        [1306, 1059,  987, ..., 1408, 1156, 1446]]], dtype=uint16), array([[[1120,  616,  599, ...,  669, 1023,  986],
        [ 852,  790,  841, ..., 1148, 1400,  984],
        [ 755,  575, 1016, ..., 1153, 1156,  770],
        ...,
        [ 890,  936, 1171, ...,  721,  804, 1091],
        [ 999, 1249,  682, ...,  878,  683, 1375],
        [ 914,  680,  779, ..., 1412, 1461,  883]],

       [[1683,  473,  419, ...,  761, 1026,  628],
        [ 866,  662,  638, ..., 1064,  698,  982],
        [ 446,  573, 1043, ...,  876, 1262,  922],
        ...,
        [ 763, 1115,  944, ...,  772, 1010, 1067],
        [ 439,  547,  868, ...,  628,  981,  840],
        [1162, 1021,  861, ..., 1144,  832,  923]],

       [[ 653, 1243,  532, ..., 1002, 1422,  718],
        [1279,  611,  700, ...,  987,  715,  900],
        [ 710,  685, 1091, ...,  850,  907, 1052],
        ...,
        [ 770,  586, 1046, ..., 1115, 1110,  920],
        [ 813,  638,  539, ..., 1058,  750, 1125],
        [ 742,  924,  470, ..., 1239,  807,  883]],

       ...,

       [[1040,  648,  933, ...,  872, 1021,  857],
        [1349, 1053, 1299, ...,  999, 1098, 1238],
        [1017,  771,  574, ..., 1188,  917, 1284],
        ...,
        [1054,  901, 1012, ..., 1255, 1131,  632],
        [ 568, 1332, 1070, ...,  700,  574,  729],
        [ 874, 1390, 1239, ...,  800, 1099,  695]],

       [[1108,  865,  750, ...,  825,  848,  892],
        [1441,  798,  960, ...,  987, 1525,  716],
        [1118, 1235, 1233, ..., 1103, 1219, 1342],
        ...,
        [ 964, 1106,  783, ..., 1131, 1239,  731],
        [1215, 1298, 1047, ...,  604,  587, 1029],
        [ 971, 1423, 1118, ...,  897, 1066,  965]],

       [[1116, 1098, 1156, ..., 1067, 1503,  602],
        [ 827, 1137, 1542, ...,  814,  901,  917],
        [ 849, 1066,  951, ...,  784,  833,  784],
        ...,
        [1555, 1133, 1005, ..., 1053,  874,  630],
        [1419, 1297, 1515, ...,  548, 1132,  782],
        [ 889, 1300, 1357, ..., 1205,  907,  930]]], dtype=uint16), array([[[1169, 1086, 1453, ..., 1784,  990, 1557],
        [1583, 1085, 1588, ..., 1032,  805, 1297],
        [ 924, 1465, 1122, ..., 1116,  979,  870],
        ...,
        [ 916, 1298, 1142, ..., 1452, 1132, 1220],
        [1404,  927, 1111, ...,  826,  912,  764],
        [1180, 1357, 1983, ..., 1023, 1390, 1426]],

       [[ 736, 1443,  983, ..., 1091, 1728, 1446],
        [1092, 1004, 1206, ..., 1661, 1024, 1524],
        [1089, 1157, 1173, ...,  930, 1034,  908],
        ...,
        [ 854, 1434, 1758, ...,  918,  669,  989],
        [1898,  741, 1039, ...,  870,  976,  913],
        [1477, 1292, 1095, ...,  543,  859,  933]],

       [[1134,  983,  759, ..., 1168, 1384, 1372],
        [ 955,  955, 1129, ...,  880, 1597, 1327],
        [1000,  767, 1355, ...,  621, 1031, 1476],
        ...,
        [1537, 1072,  767, ..., 1647,  992, 1472],
        [1240, 1357, 1722, ..., 1630, 1439, 1173],
        [ 720, 1116, 1325, ..., 1040,  940,  894]],

       ...,

       [[1132, 1389, 1663, ..., 1008, 1045,  856],
        [ 937, 1234, 1693, ...,  864,  598, 1736],
        [1762, 1581, 1108, ...,  997,  716, 1062],
        ...,
        [ 810,  744,  834, ..., 1266, 1441, 1078],
        [1137, 1017,  827, ..., 1065, 1208, 1034],
        [ 770, 1127, 1296, ...,  836, 1719,  909]],

       [[1253, 1283, 1254, ..., 1473,  885,  882],
        [1667,  907, 2097, ..., 1090,  909, 1101],
        [ 825, 1570, 1271, ..., 1298, 1158, 1553],
        ...,
        [ 662,  615,  932, ..., 1023,  937, 1203],
        [ 677, 1188, 1007, ...,  953, 1334, 1018],
        [ 540, 1100, 1610, ...,  907,  588,  810]],

       [[ 568, 1339, 1173, ...,  765, 1140, 1689],
        [ 985, 1317, 1243, ..., 1086,  737, 1235],
        [ 940,  673, 1137, ..., 1335, 1717, 1405],
        ...,
        [1130,  855,  712, ..., 1360, 1480, 1531],
        [ 938, 1229,  945, ..., 1325, 1988, 1597],
        [ 651,  489, 1433, ..., 2134, 1156,  910]]], dtype=uint16), array([[[ 1874,  1745,  1228, ...,  1559,  1041,  1214],
        [ 1134,  1951,  1394, ...,  1281,  1448,  2517],
        [ 1232,  1905,   914, ...,  1342,  1588,  1281],
        ...,
        [  907,  1378,   810, ...,   823,   919,   914],
        [ 1462,   687,   733, ...,  1053,   949,   886],
        [ 1182,  1038,   472, ...,   820,  1577,   980]],

       [[ 1067,  1324,  1268, ...,  1315,  1552,  1401],
        [ 1069,  1094,  1520, ...,  2286,  1040,   872],
        [ 1180,  2084,  1317, ...,  1354,  1122,  1361],
        ...,
        [  691,  1037,   726, ...,   825,   879,   780],
        [ 1359,   750,  1107, ...,   605,   744,   763],
        [ 1356,  1489,  1428, ...,   915,  1183,  1597]],

       [[ 1370,  1771,  1720, ...,  1039,  1170,  1534],
        [ 1112,  1776,  2134, ...,  1080,  1483,  1425],
        [ 1723,  1664,  1374, ...,  2176,  1301,   989],
        ...,
        [  761,   927,   989, ...,   570,  1136,   456],
        [  916,  1034,  1133, ...,   927,  1041,   717],
        [ 1314,  1454,   772, ...,   500,  1193,   982]],

       ...,

       [[ 2484,  1793,  2816, ...,  8970,  8488,  8429],
        [ 1948,  1776,  1354, ...,  8450,  8802,  6160],
        [ 2161,  1530,  1556, ...,  7431,  9509,  6442],
        ...,
        [ 1230,   613,   760, ...,   685,   753,   898],
        [ 1093,   982,   753, ...,  1182,   543,   587],
        [  539,   875,   739, ...,   593,  1398,   491]],

       [[ 1989,  3165,  2507, ...,  7472,  9950,  7665],
        [ 1826,  2339,  2440, ...,  9684,  9162,  8300],
        [ 2889,  2792,  2006, ...,  6879,  9577,  5952],
        ...,
        [ 1741,   678,  1181, ...,   852,   847,   722],
        [ 1223,  1114,  1341, ...,  1058,   864,   556],
        [ 1152,  1113,  1105, ...,   469,   996,   827]],

       [[ 2077,  2530,  3065, ..., 10301,  8124,  7161],
        [ 1703,  2416,  1881, ...,  7885,  6172,  7995],
        [ 2968,  1974,  1770, ...,  7852,  7323,  6143],
        ...,
        [  663,   710,  1400, ...,  1795,  1525,  1671],
        [ 1101,  1080,  1289, ...,   777,  1427,  1018],
        [ 1012,  1198,   529, ...,   847,   625,  1133]]], dtype=uint16), array([[[ 999, 1235, 1681, ..., 1195, 1086, 1494],
        [ 782, 1258,  908, ...,  927, 1483, 1644],
        [1173, 1104, 1091, ..., 1595,  938,  553],
        ...,
        [1509, 1944, 1707, ..., 5646, 7826, 7477],
        [1328, 1589, 1211, ..., 7115, 7029, 6620],
        [1744, 1559,  825, ..., 8123, 8374, 8374]],

       [[1371, 1012, 1663, ..., 1615, 1365, 1013],
        [1466, 1285,  925, ...,  935, 1497, 1251],
        [ 796,  985, 1359, ...,  980,  621,  762],
        ...,
        [1521, 2324, 1551, ..., 4059, 3587, 6588],
        [1851, 1188, 1155, ..., 5038, 4676, 6299],
        [1363, 1216,  793, ..., 5776, 5842, 5972]],

       [[ 688, 1067,  907, ..., 1767, 1207, 1278],
        [ 983, 1394, 1232, ..., 1198, 1215,  837],
        [1242,  860, 1674, ..., 1591, 1228, 1407],
        ...,
        [1068, 1509, 1076, ..., 2986, 2728, 5595],
        [1534, 1322, 1243, ..., 3382, 2837, 3827],
        [1397, 1033,  615, ..., 3893, 4969, 5217]],

       ...,

       [[1454, 1162, 1074, ..., 1257,  796, 1376],
        [ 915, 1334, 1109, ..., 1245, 1167, 1233],
        [1521,  922,  929, ..., 1019,  738,  766],
        ...,
        [1571,  848, 1097, ..., 1819,  867,  804],
        [1361, 1385, 1357, ..., 2055, 1340,  560],
        [1150, 1349, 1194, ...,  899, 1027, 1530]],

       [[ 764,  959,  753, ..., 1196, 1051, 1035],
        [1559,  827,  818, ...,  783, 1608, 1195],
        [1455,  980,  932, ..., 1716,  964,  804],
        ...,
        [1246, 1576, 1943, ..., 1764,  759, 1033],
        [1148, 1416, 1401, ..., 1335, 1412, 1151],
        [1188, 1491, 1450, ..., 1028, 1137, 1211]],

       [[ 944, 1221,  988, ...,  895, 1172,  893],
        [1165, 1317, 1219, ..., 1264,  791,  980],
        [ 991,  690,  599, ..., 1369, 1080, 1015],
        ...,
        [1342, 1868,  955, ..., 1289, 1735, 1430],
        [1056, 1186, 1611, ..., 1265, 1482, 1188],
        [1487, 1380, 1459, ..., 1395,  653,  913]]], dtype=uint16), array([[[1110,  816, 1007, ..., 1096,  514,  774],
        [ 569,  908,  510, ..., 1039, 1067,  649],
        [1400,  819,  753, ...,  618,  676,  921],
        ...,
        [ 701,  875,  883, ...,  918,  957,  767],
        [ 695,  915,  687, ...,  915,  826,  970],
        [ 543,  833,  569, ..., 1101, 1067, 1334]],

       [[ 872,  456,  850, ...,  824, 1228, 1109],
        [ 771, 1115,  947, ...,  894,  927,  797],
        [1056,  696,  629, ..., 1075,  608, 1184],
        ...,
        [ 906,  642,  729, ...,  952,  666,  818],
        [1178,  511, 1264, ...,  702,  766,  630],
        [ 801, 1254,  921, ...,  531,  716,  939]],

       [[ 881,  909,  565, ...,  796, 1303,  905],
        [ 707,  698, 1053, ...,  838,  847,  999],
        [ 673,  607,  566, ...,  684,  994,  824],
        ...,
        [ 581,  559,  902, ..., 1286,  898, 1381],
        [ 914,  695,  539, ...,  831,  814,  931],
        [ 581,  365,  723, ...,  661,  782, 1039]],

       ...,

       [[ 920,  787,  727, ...,  846, 1162,  677],
        [ 373,  570, 1569, ...,  444, 1045,  750],
        [ 861,  801,  806, ..., 1004,  838, 1155],
        ...,
        [ 921, 1162,  714, ...,  894,  604, 1754],
        [ 794,  698,  948, ..., 1169,  893, 1750],
        [ 778, 1036,  640, ..., 1565, 1006,  914]],

       [[ 484,  801, 1068, ...,  677,  686,  754],
        [ 723,  785, 1105, ...,  401, 1199,  435],
        [1095,  746,  713, ...,  453,  764,  599],
        ...,
        [ 624,  557,  944, ..., 1166, 1198, 1273],
        [ 828,  644,  689, ...,  902, 1015, 1903],
        [ 869,  508,  884, ...,  951,  972, 1003]],

       [[ 687,  742,  798, ...,  975,  813,  685],
        [ 768,  870,  915, ...,  804,  903,  751],
        [ 500,  936,  643, ...,  859, 1100,  652],
        ...,
        [1034,  791,  859, ..., 1334,  908,  955],
        [1015,  606,  602, ..., 1038,  880,  860],
        [ 660,  888,  680, ...,  827, 1137, 1186]]], dtype=uint16), array([[[ 808,  795, 1154, ..., 1503, 1007, 1321],
        [ 683, 1073, 1072, ..., 1712,  861,  979],
        [ 572, 1167,  630, ..., 1255, 1446, 1601],
        ...,
        [ 796,  513,  534, ..., 1034, 1689, 1823],
        [ 486, 1049,  940, ..., 1080, 1819, 2072],
        [ 915,  686,  728, ..., 1432, 1467,  871]],

       [[ 662,  975, 1053, ...,  787, 1482,  985],
        [ 932,  933,  998, ..., 1044, 1822,  835],
        [ 718,  887, 1119, ..., 1156, 1342, 1748],
        ...,
        [1061, 1064,  762, ..., 1591, 2089, 1814],
        [1160,  599,  519, ..., 1445, 1440, 1487],
        [1426, 1316, 1087, ..., 2293, 1347, 1225]],

       [[ 642,  742,  940, ..., 1477, 1427, 1825],
        [1096,  648,  888, ..., 1647, 1432, 1221],
        [1206,  785,  754, ..., 1204, 1259, 1020],
        ...,
        [ 871,  754,  637, ..., 2476, 1863, 1277],
        [ 580,  903,  711, ..., 1901, 1419, 1442],
        [ 772,  606,  666, ..., 1680, 1308, 1726]],

       ...,

       [[1056, 1151,  939, ..., 1374,  644, 1290],
        [ 630,  749, 1033, ..., 1770, 1152,  864],
        [ 831,  819, 1235, ..., 1407, 1306, 1364],
        ...,
        [1201,  761,  899, ..., 1701, 1739, 1605],
        [ 973,  682, 1164, ..., 1313, 1814, 1463],
        [ 914,  958,  822, ..., 1464, 1263, 1544]],

       [[ 707,  599, 1387, ..., 1186,  975,  939],
        [ 867,  712,  553, ..., 1427,  663, 1450],
        [ 833,  573, 1462, ..., 1153, 1518, 1463],
        ...,
        [ 476,  518,  625, ..., 1666, 1002, 1069],
        [1119,  774,  888, ...,  944, 1507, 1347],
        [ 730,  605, 1126, ..., 1470, 1265, 2214]],

       [[ 909, 1162,  598, ...,  870, 1393,  985],
        [ 956,  917,  633, ..., 1657, 1180, 1246],
        [ 448, 1007,  954, ..., 1251, 1099, 1047],
        ...,
        [ 582, 1162,  607, ..., 1555, 2386, 1414],
        [1319,  640, 1045, ..., 2388, 1794, 1904],
        [1125, 1207,  810, ...,  952, 2185, 1296]]], dtype=uint16), array([[[ 826,  895, 1245, ...,  656,  820, 1048],
        [1511,  937, 1156, ..., 1002,  458, 1222],
        [ 889, 1378, 1373, ..., 1088,  645,  693],
        ...,
        [ 965,  890,  738, ...,  797, 1137, 1120],
        [1823,  780, 1074, ...,  836, 1780,  834],
        [1340,  492,  915, ...,  624, 1295, 1253]],

       [[1404, 1146,  830, ...,  621,  788,  553],
        [ 821, 1185,  958, ...,  929,  757, 1076],
        [1244, 1384, 1073, ...,  392,  423, 1073],
        ...,
        [1074, 1166, 1512, ...,  895, 1227,  818],
        [ 757, 1111, 1013, ...,  509, 1135, 1333],
        [1103, 1168,  888, ..., 1086,  767, 1239]],

       [[1546, 1062, 1699, ...,  968, 2066,  988],
        [1547,  997, 1204, ..., 1213, 1090, 1624],
        [1178,  957, 1138, ..., 1112, 1011,  937],
        ...,
        [ 788, 1296, 1918, ...,  641, 1177,  985],
        [1483, 1130,  992, ...,  513,  960,  886],
        [ 986, 1288, 1387, ...,  503,  874,  911]],

       ...,

       [[1303,  958, 1839, ...,  989,  838, 1415],
        [1013, 1258, 1609, ...,  566,  825,  575],
        [1110, 1221, 1132, ...,  905,  884,  853],
        ...,
        [ 863, 1199, 1661, ..., 1425,  780,  545],
        [ 904,  625, 1331, ..., 1620, 1201, 1251],
        [ 672, 1260,  562, ...,  753,  773,  948]],

       [[ 733, 1471,  829, ..., 1085,  734,  998],
        [1376,  721,  971, ..., 1391, 1306, 1207],
        [1220, 1329, 1436, ..., 1271,  834, 1166],
        ...,
        [ 752,  890,  573, ...,  680, 1400,  774],
        [ 971,  924,  940, ...,  858, 1001, 1306],
        [1036,  681,  978, ..., 1264,  669, 1072]],

       [[1413, 1036, 1359, ...,  756,  941, 1459],
        [1959, 1915, 1286, ...,  799,  565,  761],
        [1262, 1281, 1257, ..., 1162,  870,  585],
        ...,
        [ 591,  852,  897, ...,  881, 1166,  576],
        [ 608,  738, 1318, ..., 1304,  950,  344],
        [ 930,  949, 1394, ...,  775, 1190,  986]]], dtype=uint16), array([[[ 846,  868,  877, ...,  925,  518,  677],
        [1002,  862,  821, ...,  947, 1194,  890],
        [ 808,  829, 1445, ...,  663,  916,  809],
        ...,
        [ 896,  503, 1097, ...,  605,  575, 1108],
        [ 789,  878,  590, ..., 1101, 1110,  438],
        [1206,  793, 1062, ...,  802, 1282, 1057]],

       [[ 784, 1169, 1293, ...,  633,  875, 1109],
        [ 887, 1159, 1183, ..., 1203,  627,  847],
        [ 903,  921,  581, ...,  705, 1794,  565],
        ...,
        [ 855,  969, 1128, ..., 1100, 1057, 1397],
        [ 671, 1190, 1108, ..., 1894, 1210, 1021],
        [1575,  559, 1247, ...,  865,  770, 1640]],

       [[1098, 1728, 1450, ..., 1515,  815,  936],
        [ 814,  961, 1177, ...,  514,  694, 1015],
        [1136,  799,  821, ...,  602,  658,  652],
        ...,
        [1208, 1106, 1012, ..., 1538, 1389,  916],
        [1414, 1430, 1261, ...,  718, 1287,  965],
        [1080, 1427, 1283, ...,  534,  769, 1013]],

       ...,

       [[1061,  824, 1146, ...,  835,  948, 1498],
        [ 915, 1100,  987, ..., 1675,  973, 1282],
        [ 972,  935,  924, ...,  823,  892, 1051],
        ...,
        [1197,  878,  974, ...,  860,  891, 1142],
        [ 518,  920, 1144, ...,  761,  817, 1201],
        [ 831,  967,  873, ..., 1291, 1091,  844]],

       [[ 876,  961,  929, ...,  877, 1469, 1130],
        [1277,  903,  841, ..., 1310,  779,  869],
        [ 742, 1229, 1159, ..., 1194,  974, 1073],
        ...,
        [1445, 1068, 1025, ..., 1028,  888,  724],
        [ 780,  815,  564, ...,  942,  746,  889],
        [1177, 1106, 1185, ...,  594,  649,  570]],

       [[ 780, 1737,  886, ..., 1146,  522, 1111],
        [1345,  941, 1902, ...,  699,  748, 1428],
        [ 955, 1017,  921, ..., 1086,  750, 1114],
        ...,
        [1125, 1381,  794, ..., 1043,  785, 1436],
        [ 832, 1196, 1189, ...,  837,  922, 1446],
        [ 585,  947,  890, ...,  965,  992,  540]]], dtype=uint16)]